0
1
0
0
3
0
27
1920
1025
1
1
960
1920
482
953
10
0
0
10
0
0
DejaVu Sans Mono
DejaVu Sans Mono
0
1
40036
40070
1
1
4286545791
4294901760
4286513279
4278190335
4280512035
4288046130
4290707410
4278190335
4294638310
4278190080
4285427310
4294901760
4294598650
4278223615
4282836550
4291330620
4279513620
4278223615
4281479730
4294967295
40056
1
1
1
1
1
1
10
10
10
10
4294967295
4294967295
4278190080
4278190080
6
/home/maxime/Documents/MPX/Info Spé/Caml/TD8.ml
/home/maxime/Documents/MPX/Info Spé/Caml/TD7.ml
/home/maxime/Documents/MPX/Info Spé/Caml/TD6.ml
/home/maxime/Documents/MPX/Info Spé/Caml/TD5.ml
TD3.ml
TD5.ml
